function RawEngineData = DP2001Data
%DP2001Data provides raw engine data used in the Design Project 2001 
%
% Engine data for Diversion, Climb, Descent, Cruise, Hold and Approach
%
% Source  : Mr N. A. Mitchell ( July 2016)
% Original: BAE SYSTEMS Airbus UK and The University of Bristol (Design
% Project 2000/2001
% 
% Data provided as [altitude [ft], Mach number [-], Thrust [N], Fuel Flow [kg/hr] ]

RawEngineData.Diversion = [ 25000	0.6 	28406	1552	;
                            25000	0.6 	24439	1344	;
                            25000	0.6 	19768	1111	;
                            25000	0.6 	15297	896 	;
                            25000	0.6 	11143	711 	;
                            25000	0.6 	7918	560 	;
                            25000	0.6 	5098	438 	;
                            25000	0.6 	3212	349 	;
                            25000	0.6 	1601	281 	];

RawEngineData.Climb = [ 0       0.25	64769.5288	2798.580923	;
                        0       0.35	58117.04564	2831.9781	;
                        0       0.45	52547.70347	2875.887751	;
                        0	    0.65	43528.51175	2995.248466	;
                        1500	0.25	63458.45771	2714.515737	;
                        1500	0.35	57044.27064	2747.70601	;
                        1500	0.45	51631.69733	2790.790279	;
                        1500	0.65	42900.99347	2907.17432	;
                        10000	0.35	50329.83832	2284.581988	;
                        10000	0.45	46016.84098	2326.608488	;
                        10000	0.65	39142.50577	2432.476988	;
                        10000	0.75	36559.53804	2494.598759	;
                        20000	0.45	37723.70266	1821.526672	;
                        20000	0.65	33677.11368	1922.885149	;
                        20000	0.75	32002.77741	1981.564005	;
                        20000	0.78	31550.35378	2000.437392	;
                        20000	0.8     31248.15432	2012.980095	;
                        20000	0.82	30925.53749	2024.736957	;
                        20000	0.84	30601.61663	2036.717642	;
                        25000	0.45	32548.53356	1552.073676	;
                        25000	0.65	30034.26014	1681.203688	;
                        25000	0.75	28972.27215	1737.91452	;
                        25000	0.78	28714.44848	1755.979278	;
                        25000	0.8     28506.03722	1767.577563	;
                        25000	0.82	28286.94015	1779.762968	;
                        25000	0.84	28065.19057	1792.198391	;
                        28000	0.45	28828.71871	1346.41019	;
                        28000	0.65	27742.16803	1539.442042	;
                        28000	0.75	26934.90235	1595.891549	;
                        28000	0.78	26700.37188	1613.408083	;
                        28000	0.8     2445.905968	1625.344461	;
                        28000	0.82	26414.57854	1637.667795	;
                        28000	0.84	26283.41605	1650.072412	;
                        31000	0.65	24623.04594	1340.387631	;
                        31000	0.75	24894.26013	1460.518022	;
                        31000	0.78	24718.82776	1476.696966	;
                        31000	0.8     24604.05205	1487.687919	;
                        31000	0.82	24490.0887	1498.958873	;
                        31000	0.84	24375.35167	1510.385997	;
                        33000	0.65	22619.14308	1213.74111	;
                        33000	0.75	22998.72257	1332.227042	;
                        33000	0.78	23201.71812	1374.035509	;
                        33000	0.8     23332.88029	1401.694937	;
                        33000	0.82	23238.06333	1412.239966	;
                        33000	0.84	23145.3889	1423.108913	;
                        35000	0.65	20750.4657	1098.145016	;
                        35000	0.75	21098.94698	1204.99509	;
                        35000	0.78	21284.62321	1242.618967	;
                        35000	0.8     21428.51934	1269.301828	;
                        35000	0.82	21587.98983	1297.338815	;
                        35000	0.84	21763.03469	1326.810578	;
                        37000	0.65	19028.9448	1000.311972	;
                        37000	0.75	19341.18424	1095.570867	;
                        37000	0.78	19512.17908	1129.652839	;
                        37000	0.8     19644.09955	1153.796265	;
                        37000	0.82	19788.58387	1179.043919	;
                        37000	0.84	19949.10884	1205.727573	;
                        39000	0.65	17456.34805	917.6119306	;
                        39000	0.75	17747.74346	1004.759666	;
                        39000	0.78	17901.22047	1035.330776	;
                        39000	0.8     18020.95402	1057.063456	;
                        39000	0.82	18153.6597	1079.893776	;
                        39000	0.84	18299.77522	1103.937095	;
                        41000	0.65	16019.22406	842.3220338	;
                        41000	0.75	16287.07015	921.8315586	;
                        41000	0.78	16429.38969	949.7982248	;
                        41000	0.8     16539.60616	969.6326508	;
                        41000	0.82	16551.95041	982.3470539	;
                        41000	0.84	16500.20879	990.4572885	];

RawEngineData.Descent = [   0	    0.3779	-423	274	;
                            0	    0.45	-423	274	;
                            1500	0.326	209	    269	;
                            1500	0.42	209	    269	;
                            10000	0.4523	-783	203	;
                            10000	0.55	-783	203	;
                            20000	0.5469	-658	171	;
                            20000	0.55	-658	171	;
                            25000	0.6	    -663	165	;
                            25000	0.70	-663	165	;
                            30000	0.6881	-703	156	;
                            30000	0.76	-703	156	;
                            35000	0.7412	-632	154	;
                            35000	0.76	-632	154	];

RawEngineData.Cruise = [    35000	0.76	20586.3697	1215.240644	;
                            35000	0.76	18526.84308	1099.520616	;
                            35000	0.76	16467.31647	984.177704	;
                            35000	0.76	14412.23808	873.4059109	;
                            35000	0.76	12352.71146	766.1039153	;
                            35000	0.76	10293.18485	666.6085101	;
                            35000	0.76	8233.658234	574.2016138	;
                            35000	0.76	6174.13162	474.1409877	];

% Cruise data for 1500ft Mach 0.35
RawEngineData.Hold = [  1500	0.326	53948.03191	2577.295229	;
                        1500	0.326	47862.86472	2300.250307	;
                        1500	0.326	37814.33206	1865.140231	;
                        1500	0.326	29607.36316	1529.17838	;
                        1500	0.326	23290.88845	1249.016556	;
                        1500	0.326	18157.64069	1031.875806	;
                        1500	0.326	13891.79615	854.898677	;
                        1500	0.326	9888.39668	687.1803134	];
end

