    function RawEngineData = TF15Data(SF)
%UBB65Data provides raw engine data for the engine UBB65 scaled up to a
%maximum thrust of 75,000 lbf.
%
% Engine data for Diversion, Climb, Descent, Cruise, Hold and Approach
%
% Source: Mr N. A. Mitchell ( July 2016)
% 
% Data provided as [altitude [ft], Mach number [-], Thrust [N], Fuel Flow [kg/hr] ]


%                         
                        
                        
RawEngineData.Diversion  = [25000	0.65	-565	28
                            25000	0.65	9837	208
                            25000	0.65	11476	237
                            25000	0.65	13116	265
                            25000	0.65	14755	295
                            25000	0.65	16395	328
                            25000	0.65	17628	358];                        
                        
RawEngineData.Diversion(:,3) =  RawEngineData.Diversion(:,3).*SF;                  
RawEngineData.Diversion(:,4) =  RawEngineData.Diversion(:,4).*SF;                          
                        
    
                            
RawEngineData.Climb = [ 0       0.25	41255.01639	592.1813618
                        0       0.35	37018.08684	599.0881308
                        0       0.45	33470.8538	608.2704403
                        0       0.65	27725.97767	633.1435633
                        10000	0.35	31051.24453	484.6175975
                        10000	0.45	28390.31933	493.429966
                        10000	0.65	24147.9696	515.6128892
                        10000	0.75	22554.4736	528.6186393
                        20000	0.45	22519.11375	387.2783878
                        20000	0.65	20103.50788	408.623196
                        20000	0.75	19104.01509	420.9704271
                        20000	0.8     18653.54385	427.5780666
                        20000	0.82	18460.95816	430.050319
                        20000	0.84	18267.59404	432.5693412
                        25000	0.45	19104.21526	330.4306132
                        25000	0.65	17628.47379	357.6927383
                        25000	0.75	17005.14472	369.6545862
                        25000	0.8     16731.49023	375.9086458
                        25000	0.82	16602.89219	378.4772441
                        25000	0.84	16472.73727	381.0982245
                        31000	0.65	14156.81601	285.6634818
                        31000	0.75	14312.74836	311.08007
                        31000	0.8     14145.89563	316.8243387
                        31000	0.82	14080.37335	319.206793
                        31000	0.84	14014.40624	321.6219863
                        35000	0.65	11764.25192	234.3186435
                        35000	0.75	11961.81961	256.9814251
                        35000	0.8     12148.66709	270.6092137
                        35000	0.82	12239.07716	276.5480448
                        35000	0.84	12338.31695	282.7890089
                        39000	0.65	9756.992641	195.9730077
                        39000	0.75	9909.970886	214.4919836
                        39000	0.8     10072.57161	225.5988793
                        39000	0.82	10146.74568	230.4451675
                        39000	0.84	10228.415	235.5477543
                        41000	0.65	8889.634223	179.9608939
                        41000	0.75	9038.271495	196.8700527
                        41000	0.8     9178.412666	207.0293919
                        41000	0.82	9185.262925	209.7308164
                        41000	0.84	9156.549665	211.4538164];
                            
RawEngineData.Climb(:,3) =  RawEngineData.Climb(:,3).*SF;                  
RawEngineData.Climb(:,4) =  RawEngineData.Climb(:,4).*SF;       

RawEngineData.Max.Continuous = RawEngineData.Climb;
                            

RawEngineData.Descent = [   0       0.25	292.4482239     44.89350717
                            0       0.35	-128.99838      45.03021607
                            0       0.45	-737.3458436	43.9399605
                            0       0.65	-2125.499635	40.76952829
                            10000	0.35	8.705722568     35.9049063
                            10000	0.45	-418.0437156	35.50193757
                            10000	0.65	-1443.571712	33.82084334
                            10000	0.75	-2055.122784	32.61754954
                            20000	0.45	-144.2292484	30.77513064
                            20000	0.65	-845.4375896	27.71233136
                            20000	0.75	-1270.65406     27.32199048
                            20000	0.8     -1516.43156 	27.01574173
                            20000	0.82	-1583.637492	26.88516041
                            20000	0.84	-1648.029924	26.74485096
                            25000	0.45	-7.322014772	28.41172717
                            25000	0.65	-564.903923 	27.70363217
                            25000	0.75	-918.8176509	27.37399851
                            25000	0.8     -1095.485381	27.09637289
                            25000	0.82	-1162.468901	26.96017919
                            25000	0.84	-1226.472115	26.81378967
                            31000	0.65	-267.0822494	27.81718928
                            31000	0.75	-563.7540581	27.05615085
                            31000	0.8     -703.8262818	26.77281931
                            31000	0.82	-757.6808814	26.64541834
                            31000	0.84	-810.3722714	26.51146959
                            35000	0.65	-33.38722727	29.09419231
                            35000	0.75	-320.574319 	27.56201317
                            35000	0.8 	-456.669834 	26.8874989
                            35000	0.82	-509.3901374	26.60903142
                            35000	0.84	-560.7448373	26.32757068
                            39000	0.65	210.9490491     31.06076949
                            39000	0.75	-59.65579014	29.65440115
                            39000	0.8     -174.500112 	28.86997781
                            39000	0.82	-222.9492346	28.55708775
                            39000	0.84	-270.4895859	28.24335583
                            41000	0.65	331.5236125     31.94874119
                            41000	0.75	80.68159195     30.60887953
                            41000	0.8     -38.9259284     29.8438189
                            41000	0.82	-85.38336049	29.53813139
                            41000	0.84	-131.0100875	29.23076017 ];

RawEngineData.Descent(:,3) =  RawEngineData.Descent(:,3).*SF;                  
RawEngineData.Descent(:,4) =  RawEngineData.Descent(:,4).*SF;   

                        
