function RawEngineData = UBB65Data(SF)
%UBB65Data provides raw engine data for the engine UBB65 scaled up to a
%maximum thrust of 75,000 lbf.
%
% Engine data for Diversion, Climb, Descent, Cruise, Hold and Approach
%
% Source: Mr N. A. Mitchell ( July 2016)

RawEngineData.Max.Continuous = [14000   0.5 130689.6454	5093.317735	;
                                14000	0.6	122146.2037	5223.663878	;
                                14000	0.7	115202.5033	5369.625748	;
                                16000	0.5	124673.1058	4849.531731	;
                                16000	0.6	117167.9952	4976.850031	;
                                16000	0.7	110866.1925	5122.156695	;
                                20000	0.5	111862.9459	4369.236472	;
                                20000	0.6	106143.6758	4494.509737	;
                                20000	0.7	101742.108	4634.475486	];
                            

                            
RawEngineData.Diversion  = [25000	0.65	-2282.627539	285.3567945;
                            25000	0.65	33976.21728 	1663.159208;                    
                            25000	0.65	39638.90163     1884.092446;
                            25000	0.65	42470.6329      1997.661363;
                            25000	0.65	45301.69715     2112.451344;
                            25000	0.65	48132.7614      2230.398224;
                            25000	0.65	50963.93682     2354.609263;
                            25000	0.65	56627.39936     2640.963756;
                            25000	0.65	60724.1381      2871.973257];
 
RawEngineData.Climb = [     0       0.25	206213.2258	6284.431314	;
                            0       0.35	185033.0499	6358.380166	;
                            0       0.45	167301.3783	6455.56895	;
                            0       0.65	138586.0757	6719.547191	;
                            1500	0.25	201087.1608	6098.184247	;
                            1500	0.35	180761.8848	6171.736005	;
                            1500	0.45	163610.5225	6267.177575	;
                            1500	0.65	135944.6681	6524.792382	;
                            10000	0.35	155207.1554	5143.242393	;
                            10000	0.45	141906.7342	5236.767984	;
                            10000	0.65	120707.6593	5472.195157	;
                            10000	0.75	112742.3034	5610.225072	;
                            20000	0.45	112559.984	4110.182199	;
                            20000	0.65	100485.7718	4336.714464	;
                            20000	0.75	95489.88723	4467.755522	;
                            20000	0.78	94139.94561	4509.887207	;
                            20000	0.80    93238.24287	4537.882342	;
                            20000	0.82	92275.61877	4564.120336	;
                            20000	0.84	91309.10371	4590.854697	;
                            25000	0.45	95490.88776	3506.857255	;
                            25000	0.65	88114.5124	3796.189955	;
                            25000	0.75	84998.85204	3923.140943	;
                            25000	0.78	84242.44895	3963.565124	;
                            25000	0.80    83631.012	3989.515224	;
                            25000	0.82	82988.22501	4016.775735	;
                            25000	0.84	82337.65609	4044.592178	;
                            28000	0.45	83712.83338	3045.275056	;
                            28000	0.65	80557.70754	3478.534518	;
                            28000	0.75	78213.56945	3605.078485	;
                            28000	0.78	77532.53986	3644.331238	;
                            28000	0.80    77102.42175	3671.075526	;
                            28000	0.82	76702.65316	3698.683495	;
                            28000	0.84	76321.78352	3726.470155	;
                            31000	0.65	70761.70941	3031.744074	;
                            31000	0.75	71541.12477	3301.490107	;
                            31000	0.78	71036.96721	3337.794436	;
                            31000	0.80    70707.12477	3362.453981	;
                            31000	0.82	70379.6169	3387.738948	;
                            31000	0.84	70049.88563	3413.371373	;
                            33000	0.65	64550.51053	2747.017667	;
                            33000	0.75	65633.75447	3013.408254	;
                            33000	0.78	66213.06318	3107.330939	;
                            33000	0.80    66587.37377	3169.446386	;
                            33000	0.82	66316.78512	3193.123123	;
                            33000	0.84	66052.31085	3217.524556	;
                            35000	0.65	58802.66969	2486.821748	;
                            35000	0.75	59790.19595	2727.341653	;
                            35000	0.78	60316.36524	2811.972337	;
                            35000	0.80    60724.1381	2871.973257	;
                            35000	0.82	61176.04559	2935.002021	;
                            35000	0.84	61672.08771	3001.237319	;
                            37000	0.65	53543.64489	2266.37495	;
                            37000	0.75	54422.22421	2481.024174	;
                            37000	0.78	54903.3695	2557.772539	;
                            37000	0.80    55274.56732	2612.124796	;
                            37000	0.82	55681.1173	2668.948964	;
                            37000	0.84	56132.80245	2728.989594	;
                            39000	0.65	48769.54519	2079.859845	;
                            39000	0.75	49583.64569	2276.401577	;
                            39000	0.78	50012.42975	2345.307333	;
                            39000	0.80    50346.94135	2394.278965	;
                            39000	0.82	50717.69448	2445.71258	;
                            39000	0.84	51125.91202	2499.86629	;
                            41000	0.65	44434.1237	1909.923418	;
                            41000	0.75	45177.07518	2089.380176	;
                            41000	0.78	45571.84111	2152.468504	;
                            41000	0.80    45877.55958	2197.201156	;
                            41000	0.82	45911.80005	2225.871351	;
                            41000	0.84	45768.27913	2244.157535	];

